AA995566
20000000
30000001
A203182D
30002001
00000002
30008001
00000001
30004000
50000010
2EBC3C0C
00000000
00000000
00000000
3A60981B
00000000
00000000
00000000
44D0ECAB
00000000
00000000
00000000
E025B2A3
00000000
00000000
00000000
20000000
20000000
30008001
0000000D
20000000
20000000
AA995566
20000000
30000001
7DE94CF3
30002001
00010002
30008001
00000001
30004000
50000010
2EBC3C0C
00000000
00000000
00000000
3A60981B
00000000
00000000
00000000
44D0ECAB
00000000
00000000
00000000
E025B2A3
00000000
00000000
00000000
20000000
20000000
30008001
0000000D
20000000
20000000